start=2401.560000
pause=yes
volume=92.000000
fullscreen=yes
sid=1
sub-scale=0.700000
