start=2464.879000
volume=102.000000
fullscreen=yes
contrast=1
